0 0.066666667
0.01 0.069333333
0.02 0.072
0.03 0.074666667
0.04 0.077333333
0.05 0.08
0.06 0.082666667
0.07 0.129333333
0.08 0.190666667
0.09 0.252
0.1 0.313333333
0.11 0.374666667
0.12 0.436
0.13 0.498666667
0.14 0.562666667
0.15 0.626666667
0.16 0.690666667
0.17 0.754666667
0.18 0.818666667
0.19 0.872
0.2 0.893333333
0.21 0.914666667
0.22 0.936
0.23 0.957333333
0.24 0.978666667
0.25 1
0.26 0.989333333
0.27 0.978666667
0.28 0.968
0.29 0.957333333
0.3 0.946666667
0.31 0.936
0.32 0.901333333
0.33 0.858666667
0.34 0.816
0.35 0.773333333
0.36 0.730666667
0.37 0.688
0.38 0.641333333
0.39 0.590666667
0.4 0.54
0.41 0.489333333
0.42 0.438666667
0.43 0.388
0.44 0.337333333
0.45 0.286666667
0.46 0.236
0.47 0.185333333
0.48 0.134666667
0.49 0.084
0.5 0.033333333
0.51 0.028533333
0.52 0.023733333
0.53 0.018933333
0.54 0.014133333
0.55 0.009333333
0.56 0.004533333
0.57 0.004933333
0.58 0.007066667
0.59 0.0092
0.6 0.011333333
0.61 0.013466667
0.62 0.0156
0.63 0.020666667
0.64 0.028666667
0.65 0.036666667
0.66 0.044666667
0.67 0.052666667
0.68 0.060666667
0.69 0.067333333
0.7 0.07
0.71 0.072666667
0.72 0.075333333
0.73 0.078
0.74 0.080666667
0.75 0.083333333
0.76 0.080666667
0.77 0.078
0.78 0.075333333
0.79 0.072666667
0.8 0.07
0.81 0.067333333
0.82 0.064666667
0.83 0.062
0.84 0.059333333
0.85 0.056666667
0.86 0.054
0.87 0.051333333
0.88 0.054
0.89 0.062
0.9 0.07
0.91 0.078
0.92 0.086
0.93 0.094
0.94 0.098666667
0.95 0.093333333
0.96 0.088
0.97 0.082666667
0.98 0.077333333
0.99 0.072
1 0.066666667

